10
-1,12,28,-1,16,-1,34,-1,-1,27
12,-1,19,35,27,-1,-1,-1,-1,17
28,19,-1,20,15,25,35,-1,-1,-1
-1,35,20,-1,-1,-1,-1,-1,-1,15
16,27,15,-1,-1,-1,33,-1,-1,10
-1,-1,25,-1,-1,-1,27,32,19,36
34,-1,35,-1,33,27,-1,30,32,-1
-1,-1,-1,-1,-1,32,30,-1,18,12
-1,-1,-1,-1,-1,19,32,18,-1,-1
27,17,-1,15,10,36,-1,12,-1,-1
